tttt<-c(1:10)
